0.878034 1.68429
-0.086818 -0.0751891
1.03327 1.03361
1.74484 0.473363
1.46253 3.12468
1.2007 1.37172
2.02096 0.872158
1.78341 0.663187
0.312845 0.0641581
2.30842 -1.67237
0.22726 -1.01529
0.478434 1.05037
0.105375 0.81532
0.986834 0.320546
0.926262 1.37691
1.85825 0.250728
2.40231 0.664768
1.8059 1.67257
2.21152 0.714885
1.04648 2.15087
-0.314275 0.529041
0.868918 1.07227
2.67327 0.594392
0.989757 0.684743
0.39304 0.0118787
-0.596327 1.79714
2.1047 0.0282512
-0.325569 2.56957
1.15874 2.41817
0.838096 -0.99364
1.56796 1.5156
0.985853 -0.197543
2.11675 -0.435722
1.55733 0.885973
1.94101 0.582096
0.781158 -0.048327
0.865154 1.74611
-0.100944 0.917555
1.09585 1.01884
0.933256 2.14174
0.84215 2.10216
2.32769 1.45057
1.13261 1.12692
1.05901 -0.852437
1.9906 1.93007
0.773841 1.99091
0.258097 3.00478
1.04264 0.878239
1.77581 2.34531
-1.85657 0.735568
0.50532 0.419811
0.588026 2.6031
1.91513 -0.241215
1.49117 1.56144
1.55205 0.0745416
0.862863 0.0110333
0.295699 0.616616
1.91775 2.20344
0.642592 0.550559
0.662588 0.726033
2.19776 1.6975
1.54741 2.32223
-0.655215 1.07019
1.89707 -0.0279239
2.65698 1.15769
1.71824 0.851899
-0.866578 3.47052
1.57659 1.80038
-0.952629 -1.13356
-0.0404925 -0.010663
0.844759 2.17403
0.733942 1.90508
3.03893 -0.0730014
0.500035 1.32423
1.31033 0.84566
-1.12505 2.19979
2.57041 2.05627
0.604691 1.81418
1.247 1.00822
1.40382 0.780477
-0.469965 2.44558
1.22772 1.87612
0.171799 0.351301
-0.420598 0.689191
0.503954 3.24665
0.169763 -1.49473
1.2541 -0.806954
0.733707 1.83245
0.989207 1.25587
0.509147 2.6859
0.815049 0.0518404
0.776027 1.28928
0.504917 1.24477
-0.576811 1.37372
2.98181 1.23254
0.423447 -0.43776
0.735939 1.89347
-0.256577 1.49806
0.245265 1.75639
1.81392 1.81667
0.880736 1.64817
1.04673 -0.182057
-0.305385 0.689159
0.369954 0.694796
1.40392 0.85004
1.14568 1.03766
0.89903 0.254778
1.0502 1.03288
0.278943 0.729284
1.53379 0.18682
1.80094 1.79891
-0.802389 2.03265
0.817888 -0.577618
1.57472 0.726927
-0.677354 1.14443
0.374313 -0.492811
1.41792 0.232778
1.71834 -1.2343
-0.0408945 -0.634306
1.54737 2.13593
2.2676 2.1216
1.03662 -0.451895
-0.518594 1.25941
1.10489 0.483593
0.280658 0.821602
-0.408842 -0.563931
1.08286 1.43031
0.576263 -1.00757
1.4273 1.59198
0.911761 1.19123
1.29662 0.291028
2.28498 0.725194
2.19924 0.453599
2.0546 -0.0919508
0.621631 0.616933
0.511597 1.06956
0.879034 0.875813
1.07508 1.75973
1.35527 -0.244115
2.15789 1.07105
2.05139 1.57547
3.4877 2.97249
1.78701 1.11336
2.84668 -1.92467
1.02386 3.1489
0.493422 2.00239
0.923769 0.871588
2.55698 2.92362
-0.0170172 1.24751
1.95826 -0.785067
1.52324 1.31695
-0.420315 0.786016
1.53464 1.37317
1.18582 0.305069
2.22046 1.79283
0.263694 -0.833495
2.40552 0.783834
0.962389 0.7902
-0.205286 0.491652
-0.896769 1.17485
-0.783784 2.27013
1.17785 1.35373
1.11952 0.832571
1.6583 1.20536
0.640073 2.75934
1.18447 0.162054
1.57041 0.967201
1.66292 1.96129
2.50029 0.957081
0.0200962 0.187694
-0.0732683 0.92127
2.41334 -2.70531
0.833482 1.331
0.238926 -0.328274
-0.803774 -0.078009
2.17254 1.30735
0.551025 3.18669
2.14083 0.698162
0.448327 0.105268
2.15908 0.582512
-0.239689 1.73672
2.11629 1.179
-0.726535 1.42931
1.12101 2.06402
-0.201427 2.08904
0.853528 1.61297
0.0060354 0.0614527
-0.171033 1.76719
0.342829 -0.917755
0.804706 2.63881
0.0592266 0.0213127
-0.366557 3.36899
2.02966 1.10554
1.27122 -0.396585
1.78066 2.2266
1.50903 2.3712
-0.983313 -0.703422
1.39174 0.560441
1.43599 -0.462567
-1.02586 1.55909
1.46613 2.50773
0.578507 2.08254
0.497208 0.522717
2.94761 1.17509
0.18287 1.20769
0.443159 1.87622
1.64794 -0.377734
2.78414 0.696007
0.0802971 1.5615
0.181521 0.971953
1.66955 1.08378
0.330175 1.52513
1.00546 -0.0394088
-0.0927064 1.01378
-0.0566408 1.96977
2.57531 1.41182
0.719024 1.6044
0.202868 2.63625
0.695119 1.74881
0.684104 1.33197
2.28757 0.327019
-0.0199965 1.90228
0.323414 0.643204
1.50466 2.47533
0.85616 0.37483
1.26423 1.6398
1.65869 -0.548612
0.816512 2.25646
1.58126 -0.177112
0.396857 2.54792
1.6176 2.14513
0.748548 0.631996
1.92172 1.34779
-0.896745 1.37725
-0.940445 1.17436
0.168667 1.29878
1.54007 0.239027
2.33221 0.622863
0.733525 1.75364
2.62484 -0.0870545
0.609737 0.415711
0.486133 1.12987
1.49867 0.710809
-0.455209 -0.508617
1.0236 1.3113
1.75692 2.02236
2.49112 -0.0144161
2.28061 1.16133
1.13115 0.702155
-0.115369 1.838
-10.122 5.68429
-11.0868 3.92481
-9.96673 5.03361
-9.25516 4.47336
-9.53747 7.12468
-9.7993 5.37172
-8.97904 4.87216
-9.21659 4.66319
-10.6872 4.06416
-8.69158 2.32763
-10.7727 2.98471
-10.5216 5.05037
-10.8946 4.81532
-10.0132 4.32055
-10.0737 5.37691
-9.14175 4.25073
-8.59769 4.66477
-9.1941 5.67257
-8.78848 4.71489
-9.95352 6.15087
-11.3143 4.52904
-10.1311 5.07227
-8.32673 4.59439
-10.0102 4.68474
-10.607 4.01188
-11.5963 5.79714
-8.8953 4.02825
-11.3256 6.56957
-9.84126 6.41817
-10.1619 3.00636
-9.43204 5.5156
-10.0141 3.80246
-8.88325 3.56428
-9.44267 4.88597
-9.05899 4.5821
-10.2188 3.95167
-10.1348 5.74611
-11.1009 4.91756
-9.90415 5.01884
-10.0667 6.14174
-10.1578 6.10216
-8.67231 5.45057
-9.86739 5.12692
-9.94099 3.14756
-9.0094 5.93007
-10.2262 5.99091
-10.7419 7.00478
-9.95736 4.87824
-9.22419 6.34531
-12.8566 4.73557
-10.4947 4.41981
-10.412 6.6031
-9.08487 3.75879
-9.50883 5.56144
-9.44795 4.07454
-10.1371 4.01103
-10.7043 4.61662
-9.08225 6.20344
-10.3574 4.55056
-10.3374 4.72603
-8.80224 5.6975
-9.45259 6.32223
-11.6552 5.07019
-9.10293 3.97208
-8.34302 5.15769
-9.28176 4.8519
-11.8666 7.47052
-9.42341 5.80038
-11.9526 2.86644
-11.0405 3.98934
-10.1552 6.17403
-10.2661 5.90508
-7.96107 3.927
-10.5 5.32423
-9.68967 4.84566
-12.125 6.19979
-8.42959 6.05627
-10.3953 5.81418
-9.753 5.00822
-9.59618 4.78048
-11.47 6.44558
-9.77228 5.87612
-10.8282 4.3513
-11.4206 4.68919
-10.496 7.24665
-10.8302 2.50527
-9.7459 3.19305
-10.2663 5.83245
-10.0108 5.25587
-10.4909 6.6859
-10.185 4.05184
-10.224 5.28928
-10.4951 5.24477
-11.5768 5.37372
-8.01819 5.23254
-10.5766 3.56224
-10.2641 5.89347
-11.2566 5.49806
-10.7547 5.75639
-9.18608 5.81667
-10.1193 5.64817
-9.95327 3.81794
-11.3054 4.68916
-10.63 4.6948
-9.59608 4.85004
-9.85432 5.03766
-10.101 4.25478
-9.9498 5.03288
-10.7211 4.72928
-9.46621 4.18682
-9.19906 5.79891
-11.8024 6.03265
-10.1821 3.42238
-9.42528 4.72693
-11.6774 5.14443
-10.6257 3.50719
-9.58208 4.23278
-9.28166 2.7657
-11.0409 3.36569
-9.45263 6.13593
-8.7324 6.1216
-9.96338 3.5481
-11.5186 5.25941
-9.89511 4.48359
-10.7193 4.8216
-11.4088 3.43607
-9.91714 5.43031
-10.4237 2.99243
-9.5727 5.59198
-10.0882 5.19123
-9.70338 4.29103
-8.71502 4.72519
-8.80076 4.4536
-8.9454 3.90805
-10.3784 4.61693
-10.4884 5.06956
-10.121 4.87581
-9.92492 5.75973
-9.64473 3.75588
-8.84211 5.07105
-8.94861 5.57547
-7.5123 6.97249
-9.21299 5.11336
-8.15332 2.07533
-9.97614 7.1489
-10.5066 6.00239
-10.0762 4.87159
-8.44302 6.92362
-11.017 5.24751
-9.04174 3.21493
-9.47676 5.31695
-11.4203 4.78602
-9.46536 5.37317
-9.81418 4.30507
-8.77954 5.79283
-10.7363 3.1665
-8.59448 4.78383
-10.0376 4.7902
-11.2053 4.49165
-11.8968 5.17485
-11.7838 6.27013
-9.82215 5.35373
-9.88048 4.83257
-9.3417 5.20536
-10.3599 6.75934
-9.81553 4.16205
-9.42959 4.9672
-9.33708 5.96129
-8.49971 4.95708
-10.9799 4.18769
-11.0733 4.92127
-8.58666 1.29469
-10.1665 5.331
-10.7611 3.67173
-11.8038 3.92199
-8.82746 5.30735
-10.449 7.18669
-8.85917 4.69816
-10.5517 4.10527
-8.84092 4.58251
-11.2397 5.73672
-8.88371 5.179
-11.7265 5.42931
-9.87899 6.06402
-11.2014 6.08904
-10.1465 5.61297
-10.994 4.06145
-11.171 5.76719
-10.6572 3.08224
-10.1953 6.63881
-10.9408 4.02131
-11.3666 7.36899
-8.97034 5.10554
-9.72878 3.60342
-9.21934 6.2266
-9.49097 6.3712
-11.9833 3.29658
-9.60826 4.56044
-9.56401 3.53743
-12.0259 5.55909
-9.53387 6.50773
-10.4215 6.08254
-10.5028 4.52272
-8.05239 5.17509
-10.8171 5.20769
-10.5568 5.87622
-9.35206 3.62227
-8.21586 4.69601
-10.9197 5.5615
-10.8185 4.97195
-9.33045 5.08378
-10.6698 5.52513
-9.99454 3.96059
-11.0927 5.01378
-11.0566 5.96977
-8.42469 5.41182
-10.281 5.6044
-10.7971 6.63625
-10.3049 5.74881
-10.3159 5.33197
-8.71243 4.32702
-11.02 5.90228
-10.6766 4.6432
-9.49534 6.47533
-10.1438 4.37483
-9.73577 5.6398
-9.34131 3.45139
-10.1835 6.25646
-9.41874 3.82289
-10.6031 6.54792
-9.3824 6.14513
-10.2515 4.632
-9.07828 5.34779
-11.8967 5.37725
-11.9404 5.17436
-10.8313 5.29878
-9.45993 4.23903
-8.66779 4.62286
-10.2665 5.75364
-8.37516 3.91295
-10.3903 4.41571
-10.5139 5.12987
-9.50133 4.71081
-11.4552 3.49138
-9.9764 5.3113
-9.24308 6.02236
-8.50888 3.98558
-8.71939 5.16133
-9.86885 4.70216
-11.1154 5.838
