0.0362174
0.168838
0.249856
0.233541
0.177236
0.0957307
0.594462
0.482875
0.207699
0.174162
0.109704
0.103517
0.281344
0.279949
0.11911
0.0741761
0.28992
0.114446
0.115224
0.126438
0.150397
0.246909
0.108527
0.312933
0.388766
0.262203
0.146276
0.16448
0.157567
0.218073
0.210368
0.30653
0.150338
0.0477611
0.071919
0.250639
0.200327
0.344816
0.723078
0.119053
0.089424
0.103226
0.253752
0.253344
0.151256
0.29282
0.138794
0.116534
0.0980024
0.0622141
0.170042
0.291148
0.182606
0.087137
0.0117754
0.0796063
0.174457
0.173037
0.105509
0.11769
0.223117
0.0968251
0.0788038
0.0652328
0.177896
0.101354
0.116424
0.128283
0.15971
0.246359
0.302733
0.0219988
0.0444954
0.127477
0.0923335
0.238211
0.213078
0.122305
0.374617
0.852631
0.196014
0.0721778
0.122014
0.250116
0.112706
0.154351
0.223961
0.152346
0.892848
0.116889
0.0900868
0.175195
0.143021
0.197471
0.0436791
0.130934
0.122098
0.112096
0.127022
0.09453
0.254055
0.177992
0.134777
0.0666372
0.10422
0.211475
0.0921922
0.171216
0.115013
