0 0.444013 0.574985
1 -2.07916 1.24812
2 0.0642297 -0.0378331
3 0.361723 -1.53806
4 2.28767 0.369553
5 0.529669 -0.136924
6 0.995682 -1.78729
7 0.563136 -1.50041
8 -1.53003 0.650804
9 -0.834833 -3.64588
10 -2.53083 0.211611
11 -0.521223 0.904979
12 -1.12214 1.40582
13 -0.585969 -0.344952
14 0.237479 0.327744
15 0.296934 -1.84921
16 1.23325 -2.54113
17 1.43681 -0.992893
18 1.06926 -2.19297
19 1.01865 0.543593
20 -1.81651 1.95739
21 -0.0808341 0.259651
22 1.46683 -3.03516
23 -0.276348 -0.153096
24 -1.48736 0.487594
25 -1.05423 3.11722
26 0.376047 -2.38419
27 -0.111668 3.0789
28 1.36489 0.499094
29 -1.85254 -0.804693
30 1.0476 -0.677257
31 -1.02299 -0.623226
32 -0.00135678 -2.65514
33 0.506305 -0.999566
34 0.6652 -1.80945
35 -1.11862 -0.198116
36 0.482112 0.630062
37 -1.25906 1.80828
38 0.119431 -0.151126
39 0.888619 0.729212
40 0.756864 0.861152
41 1.81385 -1.99098
42 0.250094 -0.154599
43 -1.49501 -1.10018
44 1.85308 -1.16461
45 0.58943 0.916
46 0.88526 2.33177
47 -0.0563863 -0.137541
48 1.97039 -0.578775
49 -3.30934 4.66457
50 -1.02277 0.51904
51 0.903784 1.55949
52 -0.0555502 -2.21075
53 1.00319 -0.523257
54 -0.182202 -1.42909
55 -0.980377 -0.303548
56 -1.08368 0.978155
57 2.00438 -0.894301
58 -0.764408 0.358663
59 -0.595144 0.419819
60 1.88123 -1.6389
61 1.70415 -0.206848
62 -1.72957 2.82356
63 0.104414 -2.06511
64 1.92323 -2.7034
65 0.651515 -1.28878
66 0.0618338 4.47617
67 1.29656 -0.53792
68 -3.90535 2.13339
69 -1.9748 1.20502
70 0.82016 0.895594
71 0.474092 0.936774
72 1.30038 -4.01115
73 -0.267437 1.01659
74 0.205468 -0.605651
75 9.81546 -2.92706
76 8.49191 -5.17822
77 10.3044 -3.45693
78 11.8295 -3.57159
79 10.5066 -1.20555
80 10.5243 -3.03496
81 12.2392 -3.0274
82 11.8471 -3.36745
83 9.21435 -4.80888
84 13.5404 -5.28838
85 9.36983 -5.8907
86 9.2393 -3.76885
87 8.59596 -4.21389
88 10.4264 -4.16559
89 9.99845 -3.19221
90 12.112 -3.71725
91 13.0291 -3.00014
92 11.5918 -2.38985
93 12.6498 -3.06502
94 9.99943 -2.38176
95 7.87875 -4.73542
96 9.97891 -3.51713
97 13.5677 -2.90723
98 10.3243 -3.81593
99 9.38303 -4.81143
100 6.96509 -3.69066
101 12.6486 -3.78413
102 7.25415 -2.7927
103 10.1349 -2.06005
104 10.5305 -5.50899
105 11.1835 -2.68044
106 10.5776 -4.66112
107 12.8087 -4.22026
108 11.3493 -3.28823
109 12.1722 -3.35177
110 10.1424 -4.63955
111 9.77259 -2.87562
112 8.17154 -4.23817
113 10.4283 -3.43405
114 9.78579 -2.4574
115 9.62341 -2.54906
116 12.6543 -2.29354
117 10.4666 -3.30908
118 10.9109 -5.24353
119 11.8686 -2.03469
120 9.52577 -2.69572
121 8.24074 -2.03196
122 10.3682 -3.59982
123 11.3355 -1.76494
124 4.87089 -5.44967
125 9.47701 -4.35535
126 8.98983 -2.22069
127 12.366 -4.1536
128 11.0233 -2.68204
129 11.579 -4.06654
130 10.281 -4.53455
131 9.01833 -4.29123
132 11.6486 -1.81658
133 9.70065 -4.14931
134 9.687 -3.96986
135 12.3331 -2.13443
136 10.9059 -1.92199
137 7.0674 -4.41994
138 12.2685 -3.96051
139 13.3701 -2.37871
140 11.6668 -3.22568
141 5.95421 -2.25175
142 11.1159 -2.40328
143 7.1504 -6.70105
144 8.56135 -5.0892
145 9.60716 -2.47886
146 9.47491 -2.8013
147 14.4636 -3.32869
148 9.19964 -3.49446
149 10.8893 -3.47273
150 30.5745 20.2325
151 32.9775 19.21
152 31.037 20.7856
153 30.9542 22.3128
154 28.7783 20.6961
155 30.5902 20.9494
156 30.3618 22.649
157 30.7495 22.3039
158 32.5181 19.8789
159 32.4362 24.2307
160 33.5709 20.1724
161 31.4835 19.7696
162 32.0078 19.189
163 31.724 20.9979
164 30.8139 20.4481
165 31.0622 22.6117
166 30.2329 23.4288
167 29.8129 21.9248
168 30.3462 23.061
169 30.0101 20.3447
170 32.6174 18.5449
171 31.1386 20.4706
172 30.0714 23.9509
173 31.3904 20.8516
174 32.4989 20.0465
175 31.699 17.5043
176 31.0594 23.1525
177 30.7713 17.6752
178 29.6736 20.4376
179 33.0428 21.2743
180 30.1537 21.5574
181 32.1959 21.2117
182 31.4713 23.3675
183 30.7351 21.8001
184 30.6921 22.6243
185 32.2306 20.7774
186 30.529 20.1834
187 32.0865 18.7712
188 30.9983 20.9056
189 30.1126 20.1426
190 30.2244 19.9934
191 29.5805 22.9661
192 30.8695 20.9274
193 32.7306 21.6173
194 29.4251 22.1535
195 30.3824 19.9154
196 29.8898 18.5556
197 31.1705 20.8673
198 29.2263 21.5901
199 33.7132 15.6542
200 32.0345 20.0809
201 29.9804 19.3227
202 31.4622 22.9199
203 30.1759 21.3987
204 31.4773 22.1282
205 32.1086 20.9012
206 32.03 19.6178
207 29.2371 21.9073
208 31.8014 20.2761
209 31.6252 20.2395
210 29.4641 22.6271
211 29.4373 21.1844
212 32.409 17.6997
213 31.2833 22.7983
214 29.5728 23.6868
215 30.6321 22.1069
216 30.4024 16.3164
217 29.8876 21.4546
218 34.6604 18.0759
219 32.8802 19.2674
220 30.1569 19.9682
221 30.4937 19.8786
222 30.3739 24.8936
223 31.2165 19.6949
224 30.9773 21.3677
225 1.8421 3.82884
226 4.24503 2.80637
227 2.30456 4.38193
228 2.22176 5.90913
229 0.0458848 4.29239
230 1.85776 4.54571
231 1.62932 6.24533
232 2.01705 5.90028
233 3.78568 3.4752
234 3.7038 7.827
235 4.83845 3.76877
236 2.75111 3.36594
237 3.27533 2.78531
238 2.99159 4.59422
239 2.08146 4.04446
240 2.32981 6.20802
241 1.5005 7.02515
242 1.0805 5.52113
243 1.61372 6.65733
244 1.27764 3.94101
245 3.88492 2.14127
246 2.40619 4.06695
247 1.33898 7.5472
248 2.658 4.44798
249 3.76648 3.6428
250 2.96659 1.10061
251 2.32698 6.74881
252 2.03887 1.27157
253 0.941152 4.03393
254 4.31037 4.87062
255 1.42127 5.15373
256 3.46351 4.80804
257 2.73885 6.96379
258 2.00263 5.39642
259 1.95962 6.22063
260 3.49819 4.37369
261 1.79661 3.77969
262 3.35409 2.36755
263 2.2659 4.50188
264 1.38018 3.7389
265 1.492 3.58969
266 0.84808 6.56244
267 2.13704 4.52376
268 3.99811 5.21361
269 0.692629 5.74987
270 1.65001 3.51176
271 1.15735 2.15191
272 2.43804 4.46362
273 0.493815 5.18646
274 4.98077 -0.749494
275 3.30209 3.67723
276 1.248 2.91907
277 2.72979 6.5162
278 1.4435 4.995
279 2.74486 5.72449
280 3.37621 4.49757
281 3.29761 3.21412
282 0.504689 5.50362
283 3.06895 3.87247
284 2.89275 3.83581
285 0.731692 6.22339
286 0.704906 4.78068
287 3.67661 1.29604
288 2.55087 6.39459
289 0.840326 7.28316
290 1.89969 5.70324
291 1.66992 -0.0872345
292 1.15513 5.05092
293 5.92801 1.67225
294 4.1478 2.86376
295 1.42447 3.56452
296 1.76127 3.47492
297 1.6415 8.48993
298 2.48411 3.29125
299 2.24487 4.964
300 -27.537 0.970508
301 -27.0991 -1.60393
302 -26.8217 0.880194
303 -25.5814 1.77502
304 -28.1175 2.73243
305 -26.9253 1.34465
306 -25.6186 2.45519
307 -25.6994 1.9425
308 -26.7845 -0.856033
309 -23.1668 1.56416
310 -25.9686 -1.58329
311 -27.4354 -0.0445047
312 -27.6408 -0.799339
313 -26.2719 0.416777
314 -27.2263 0.885595
315 -25.2715 1.84559
316 -25.032 2.98492
317 -26.5245 2.52572
318 -25.2803 2.69092
319 -27.7476 1.50609
320 -27.8533 -1.66026
321 -27.0319 0.624491
322 -24.68 3.40291
323 -26.5752 0.618474
324 -26.6538 -0.749316
325 -29.2252 -1.44978
326 -24.818 2.14016
327 -29.5826 -0.576768
328 -27.8512 1.83944
329 -25.3268 -0.543598
330 -26.6495 2.04046
331 -25.837 0.135202
332 -24.4145 1.90974
333 -26.1312 1.68239
334 -25.4609 2.16391
335 -26.1838 -0.128665
336 -27.603 0.982231
337 -27.9497 -1.09132
338 -26.7417 0.977535
339 -27.8623 1.31061
340 -27.9274 1.13589
341 -25.7739 3.28391
342 -26.7929 1.09779
343 -25.2069 -0.0955221
344 -26.5416 2.97569
345 -27.9076 0.960822
346 -29.3181 0.640654
347 -26.6809 0.812012
348 -27.1231 2.83857
349 -29.6937 -4.14427
350 -26.8758 -0.339949
351 -28.6236 0.978879
352 -24.7961 1.67553
353 -26.7711 1.936
354 -25.4541 1.23508
355 -26.1454 0.0409123
356 -27.2679 -0.586395
357 -26.8504 3.00079
358 -26.8374 -0.0382843
359 -26.9635 0.0901768
360 -26.122 3.19866
361 -27.3505 2.4417
362 -28.6771 -1.94166
363 -24.9951 1.76038
364 -25.1716 3.67985
365 -25.9287 1.93479
366 -30.9253 -1.00047
367 -26.8799 2.20886
368 -27.1441 -3.63288
369 -27.1033 -1.49111
370 -27.9851 1.17912
371 -27.8785 0.847301
372 -23.7232 3.65771
373 -27.6425 0.139815
374 -26.3642 1.24492
375 -2.24393 15.6843
376 -4.17364 13.9248
377 -1.93346 15.0336
378 -0.510329 14.4734
379 -1.07494 17.1247
380 -1.5986 15.3717
381 0.0419255 14.8722
382 -0.433184 14.6632
383 -3.37431 14.0642
384 0.616842 12.3276
385 -3.54548 12.9847
386 -3.04313 15.0504
387 -3.78925 14.8153
388 -2.02633 14.3205
389 -2.14748 15.3769
390 -0.283508 14.2507
391 0.804614 14.6648
392 -0.388199 15.6726
393 0.423046 14.7149
394 -1.90704 16.1509
395 -4.62855 14.529
396 -2.26216 15.0723
397 1.34653 14.5944
398 -2.02049 14.6847
399 -3.21392 14.0119
400 -5.19265 15.7971
401 0.209403 14.0283
402 -4.65114 16.5696
403 -1.68252 16.4182
404 -2.32381 13.0064
405 -0.864088 15.5156
406 -2.02829 13.8025
407 0.233494 13.5643
408 -0.885337 14.886
409 -0.11799 14.5821
410 -2.43768 13.9517
411 -2.26969 15.7461
412 -4.20189 14.9176
413 -1.8083 15.0188
414 -2.13349 16.1417
415 -2.3157 16.1022
416 0.655378 15.4506
417 -1.73478 15.1269
418 -1.88198 13.1476
419 -0.0187937 15.9301
420 -2.45232 15.9909
421 -3.48381 17.0048
422 -1.91473 14.8782
423 -0.448371 16.3453
424 -7.71315 14.7356
425 -2.98936 14.4198
426 -2.82395 16.6031
427 -0.169736 13.7588
428 -1.01767 15.5614
429 -0.895906 14.0745
430 -2.27427 14.011
431 -3.4086 14.6166
432 -0.164499 16.2034
433 -2.71482 14.5506
434 -2.67482 14.726
435 0.395515 15.6975
436 -0.905188 16.3222
437 -5.31043 15.0702
438 -0.205852 13.9721
439 1.31396 15.1577
440 -0.563513 14.8519
441 -5.73316 17.4705
442 -0.846819 15.8004
443 -5.90526 12.8664
444 -4.08099 13.9893
445 -2.31048 16.174
446 -2.53212 15.9051
447 2.07787 13.927
448 -2.99993 15.3242
449 -1.37935 14.8457
