0 16.3159 0.232583
1 18.131 -1.64492
2 16.9572 0.561921
3 17.4757 2.00081
4 14.842 1.35902
5 16.6095 0.886766
6 17.0609 2.54118
7 17.2837 2.07238
8 17.9683 -0.850006
9 19.5876 3.19015
10 19.0523 -0.989583
11 16.9729 -0.547765
12 17.2296 -1.2867
13 17.6727 0.48991
14 16.6203 0.337972
15 17.6916 2.23403
16 17.2459 3.3096
17 16.2734 2.08787
18 17.207 2.92673
19 15.8397 0.555708
20 17.5403 -2.11729
21 16.9282 0.23223
22 17.3005 3.85334
23 17.3085 0.485121
24 18.0159 -0.688157
25 16.2892 -2.71818
26 17.8996 2.73323
27 15.5013 -2.19945
28 15.5659 0.772324
29 18.995 0.230935
30 16.4442 1.61676
31 18.1906 0.503077
32 18.3626 2.77086
33 17.0742 1.61391
34 17.3555 2.3898
35 18.0534 0.089506
36 16.2548 0.205028
37 17.1395 -1.70215
38 16.9683 0.687457
39 15.8554 0.329623
40 15.9003 0.148645
41 16.4648 3.13748
42 16.8581 0.75779
43 18.841 0.668449
44 16.0052 2.4496
45 16.0155 0.0153332
46 15.0322 -1.04532
47 17.112 0.585182
48 15.6027 2.00808
49 17.4239 -5.2066
50 17.6016 -0.475605
51 15.4144 -0.374014
52 18.18 2.36212
53 16.4029 1.46191
54 17.8856 1.62704
55 17.9893 0.251113
56 17.4171 -0.900415
57 15.7362 2.29597
58 17.4629 -0.204995
59 17.2863 -0.170144
60 16.2256 2.87052
61 15.6391 1.55213
62 17.0193 -2.81468
63 17.9678 2.31979
64 16.7384 3.80433
65 17.0988 1.93659
66 14.6323 -3.30731
67 16.159 1.62571
68 19.2394 -3.3449
69 18.0637 -1.55419
70 15.8283 0.151761
71 16.1036 -0.061924
72 17.9462 4.60385
73 16.6979 -0.512579
74 17.1289 1.12129
75 15.9176 -3.78692
76 15.8452 3.60502
77 16.202 -0.317663
78 16.9701 0.989933
79 17.1886 1.3101
80 15.6336 -2.4845
81 16.1037 0.926054
82 17.6895 -1.14036
83 17.3864 -2.33452
84 14.776 -0.560878
85 19.5349 -1.09053
86 18.7841 1.05714
87 16.1762 -0.0602736
88 16.7376 0.467345
89 15.3362 -0.534124
90 17.9513 0.154333
91 16.7167 0.0401907
92 16.777 -0.500499
93 16.7113 -2.6668
94 16.6446 4.45153
95 18.4636 -0.614241
96 16.1151 -0.0575936
97 16.5683 -2.03023
98 16.2808 -1.03452
99 16.1289 2.09969
100 16.3518 0.23904
101 18.1716 0.62433
102 17.3797 -2.10419
103 17.3346 -0.754251
104 17.1191 1.30826
105 16.9466 0.786522
106 17.7436 0.316297
107 16.957 0.59578
108 17.3055 -0.937202
109 17.7744 1.58726
110 16.1474 2.07426
111 16.0658 -3.137
112 18.5803 0.178388
113 17.2321 1.65331
114 16.9463 -2.8611
115 18.5215 -0.710859
116 17.7352 1.35429
117 19.1841 1.9977
118 18.6871 -1.53679
119 15.8253 1.5575
120 15.7976 2.99776
121 18.4419 0.611991
122 16.8221 -2.54707
123 17.5028 0.721151
124 17.2131 -0.93647
125 18.6383 -2.27442
126 16.5578 0.64948
127 19.0242 -0.292101
128 16.3761 1.33334
129 16.8068 0.314406
130 17.6841 1.11007
131 17.1924 3.07328
132 17.4689 2.9098
133 18.0226 2.63658
134 17.3978 -0.248837
135 16.9517 -0.482029
136 17.1239 0.258188
137 16.229 0.624306
138 18.2156 1.24296
139 16.8541 2.80911
140 16.3561 2.58147
141 14.8758 5.41207
142 16.8335 2.06643
143 19.8083 4.27358
144 14.8434 0.481354
145 16.0204 -0.545602
146 17.1256 0.347744
147 14.979 3.55285
148 16.8047 -1.544
149 18.7211 2.46423
150 16.6454 1.53316
151 17.2896 -2.33678
152 16.5885 1.55432
153 17.6765 0.888165
154 16.129 2.91312
155 18.8685 -0.922055
156 17.1267 3.31255
157 17.2047 0.427328
158 17.5713 -1.89831
159 16.9287 -3.30063
160 15.8273 -3.10674
161 16.6288 0.841619
162 17.1531 0.740217
163 16.749 1.80643
164 15.2552 -0.274526
165 17.8196 0.889652
166 16.9922 1.63768
167 15.9932 1.7936
168 16.948 3.49694
169 17.8619 -1.43886
170 17.1341 -1.64693
171 20.6139 3.43005
172 16.6716 0.153834
173 18.3649 -0.986323
174 18.1756 -3.07814
175 16.6171 2.8315
176 14.8332 -0.465025
177 17.2278 2.78589
178 17.9193 -0.580358
179 17.3424 2.82575
180 16.3287 -2.00344
181 16.7486 2.72279
182 16.6645 -2.96774
183 15.9221 0.70724
184 15.9743 -1.93724
185 16.3886 0.185675
186 17.9889 -1.46328
187 16.2943 -1.86708
188 18.9481 -0.761392
189 15.366 0.0581175
190 18.026 -1.35578
191 14.7046 -2.30473
192 16.8271 2.55175
193 18.3729 1.07939
194 15.7211 2.02123
195 15.5924 1.47398
196 18.8113 -3.4188
197 17.4092 1.29238
198 18.4292 1.41072
199 16.5522 -3.56992
200 15.5486 1.22114
201 15.9865 -1.3533
202 16.2639 1.13082
203 17.5042 2.02565
204 14.9681 2.98306
205 16.1603 1.59528
206 17.467 2.70582
207 17.3862 2.19312
208 16.3011 -0.605405
209 19.9188 1.81479
210 17.117 -1.33267
211 15.6502 0.206124
212 15.4448 -0.54871
213 16.8137 0.667405
214 15.8593 1.13622
215 17.8141 2.09622
216 18.0536 3.23555
217 16.5611 2.77635
218 17.8053 2.94155
219 15.338 1.75672
220 15.2323 -1.40963
221 16.0537 0.875119
222 18.4056 3.65353
223 16.5104 0.869103
224 16.4318 -0.498688
225 13.8604 -1.19915
226 18.2676 2.39078
227 13.503 -0.326139
228 15.2344 2.09006
229 17.7588 -0.292969
230 16.4361 2.29109
231 17.2486 0.38583
232 18.6711 2.16037
233 16.9544 1.93302
234 17.6247 2.41454
235 16.9018 0.121963
236 15.4826 1.23286
237 15.1359 -0.840695
238 16.3439 1.22816
239 15.2233 1.56123
240 15.1582 1.38652
241 17.3117 3.53454
242 16.2927 1.34842
243 17.8787 0.155106
244 16.544 3.22632
245 15.178 1.21145
246 13.7675 0.891282
247 16.4047 1.06264
248 15.9625 3.0892
249 13.3919 -3.89365
250 16.2098 -0.0893207
251 14.462 1.22951
252 18.2895 1.92616
253 16.3145 2.18663
254 17.6315 1.48571
255 16.9402 0.291541
256 15.8177 -0.335767
257 16.2352 3.25142
258 16.2482 0.212344
259 16.1221 0.340805
260 16.9636 3.44929
261 15.7351 2.69233
262 14.4085 -1.69103
263 18.0905 2.01101
264 17.914 3.93048
265 17.1569 2.18542
266 12.1603 -0.749843
267 16.2057 2.45949
268 15.9415 -3.38226
269 15.9823 -1.24048
270 15.1005 1.42975
271 15.2071 1.09793
272 19.3624 3.90834
273 15.4431 0.390443
274 16.7214 1.49555
275 12.9503 -1.87141
276 17.0644 4.27028
277 15.1439 0.831294
278 16.5162 1.47679
279 16.8773 1.61767
280 13.4513 -0.636141
281 15.765 1.91328
282 15.9071 -0.687633
283 14.9826 -1.50204
284 13.8297 1.43573
285 17.4583 -1.68847
286 18.0513 0.508015
287 15.2679 1.05829
288 16.0292 1.17676
289 14.3071 1.14149
290 16.8542 0.23312
291 15.7707 0.836039
292 15.5152 0.355728
293 14.2378 -1.39509
294 18.2021 4.51758
295 16.843 -0.690457
296 15.219 1.09502
297 14.4792 -0.788972
298 14.8041 0.195179
299 16.4485 2.8677
300 15.5819 1.20617
301 17.3013 0.496652
302 15.1071 -1.30816
303 15.8322 -0.168559
304 16.8188 1.65542
305 16.3819 1.32219
306 16.7742 0.484102
307 16.2828 1.15891
308 15.7048 -0.30309
309 17.5173 1.51565
310 16.4494 2.83626
311 13.4396 -1.4187
312 17.3869 -0.1022
313 17.107 1.87635
314 14.3221 -1.68818
315 16.8362 -0.80289
316 17.3534 1.34549
317 18.9125 1.0584
318 16.5066 -1.57811
319 15.8918 2.59162
320 16.6822 3.79597
321 17.5175 0.333838
322 14.3969 -1.35887
323 16.8041 0.954174
324 15.629 -0.250326
325 16.0498 -2.15932
326 15.9836 1.42862
327 17.4876 -0.741146
328 16.2198 2.09564
329 15.9999 1.01149
330 17.1733 1.1728
331 17.876 3.07074
332 18.0119 2.7797
333 18.3146 2.24152
334 16.1697 0.21293
335 15.6699 0.272306
336 16.23 0.785997
337 15.698 1.59351
338 17.687 0.982375
339 17.4476 3.04373
340 16.9081 3.13703
341 17.2846 6.30907
342 17.0112 2.44241
343 20.7127 2.58433
344 14.4737 2.2579
345 14.8653 0.745728
346 16.2819 0.859001
347 16.32 4.71631
348 14.9489 -0.521178
349 18.7938 1.7049
350 16.5549 2.1085
351 14.9014 -1.44925
352 16.5199 2.15806
353 17.0417 0.993926
354 16.9079 3.53901
355 17.0034 -1.17313
356 17.9569 3.30529
357 16.3921 0.880022
358 15.3815 -1.24641
359 14.0594 -2.041
360 13.2598 -1.25907
361 16.1507 1.54711
362 16.5262 1.16736
363 16.7947 2.2755
364 14.3868 1.40151
365 17.1606 0.914391
366 16.9002 1.99892
367 16.1636 2.69172
368 17.9135 3.55838
369 15.8808 -1.03134
370 15.1627 -0.792112
371 20.9013 1.43325
372 15.7977 0.955276
373 16.5515 -0.941839
374 15.2141 -2.56142
375 17.2646 3.19605
376 13.931 1.48255
377 17.743 2.81354
378 16.4129 -0.355185
379 17.86 2.78176
380 14.2966 -0.631596
381 17.3118 3.03204
382 14.0292 -1.61703
383 15.4916 1.83522
384 14.0415 -0.376845
385 15.5821 1.14136
386 15.9719 -1.12321
387 14.3452 -0.49959
388 17.1598 -1.08547
389 14.6661 1.61346
390 16.0631 -1.05538
391 12.786 0.036809
392 17.28 2.84655
393 17.7245 0.758552
394 16.0676 3.03322
395 15.6524 2.65421
396 15.5464 -3.20149
397 17.0494 1.47846
398 17.958 1.0002
399 13.5966 -2.05065
400 -4.03157 -4.80411
401 -6.55475 -4.13097
402 -4.41136 -5.41693
403 -4.11386 -6.91715
404 -2.18792 -5.00954
405 -3.94592 -5.51602
406 -3.47991 -7.16639
407 -3.91245 -6.8795
408 -6.00561 -4.72829
409 -5.31042 -9.02498
410 -7.00642 -5.16748
411 -4.99681 -4.47411
412 -5.59773 -3.97327
413 -5.06156 -5.72405
414 -4.23811 -5.05135
415 -4.17865 -7.2283
416 -3.24234 -7.92022
417 -3.03878 -6.37199
418 -3.40633 -7.57206
419 -3.45694 -4.8355
420 -6.2921 -3.4217
421 -4.55642 -5.11944
422 -3.00876 -8.41425
423 -4.75193 -5.53219
424 -5.96295 -4.8915
425 -5.52982 -2.26187
426 -4.09954 -7.76328
427 -4.58726 -2.30019
428 -3.1107 -4.88
429 -6.32813 -6.18379
430 -3.42799 -6.05635
431 -5.49857 -6.00232
432 -4.47694 -8.03424
433 -3.96928 -6.37866
434 -3.81039 -7.18855
435 -5.59421 -5.57721
436 -3.99347 -4.74903
437 -5.73465 -3.57081
438 -4.35616 -5.53022
439 -3.58697 -4.64988
440 -3.71872 -4.51794
441 -2.66174 -7.37007
442 -4.22549 -5.53369
443 -5.97059 -6.47928
444 -2.62251 -6.5437
445 -3.88616 -4.46309
446 -3.59033 -3.04733
447 -4.53197 -5.51663
448 -2.5052 -5.95787
449 -7.78492 -0.71452
450 -5.49835 -4.86005
451 -3.5718 -3.81961
452 -4.53114 -7.58984
453 -3.47239 -5.90235
454 -4.65779 -6.80818
455 -5.45596 -5.68264
456 -5.55926 -4.40094
457 -2.4712 -6.27339
458 -5.23999 -5.02043
459 -5.07073 -4.95927
460 -2.59436 -7.01799
461 -2.77144 -5.58594
462 -6.20516 -2.55554
463 -4.37117 -7.44421
464 -2.55235 -8.08249
465 -3.82407 -6.66787
466 -4.41375 -0.902925
467 -3.17902 -5.91701
468 -8.38094 -3.2457
469 -6.45039 -4.17407
470 -3.65543 -4.4835
471 -4.00149 -4.44232
472 -3.17521 -9.39024
473 -4.74302 -4.3625
474 -4.27012 -5.98474
475 -5.76233 -1.15451
476 -1.88978 -7.45129
477 -4.21765 -4.27391
478 -4.20177 -5.79033
479 -4.22394 -6.17731
480 -4.84762 -2.12418
481 -3.49229 -5.28896
482 -5.91641 -4.33577
483 -6.27223 -3.15624
484 -3.12113 -3.33041
485 -7.47199 -5.32976
486 -5.7215 -6.78304
487 -4.06287 -4.48117
488 -4.27194 -5.22268
489 -3.58737 -3.64212
490 -5.47329 -5.58012
491 -4.47419 -4.84586
492 -4.80461 -4.41365
493 -5.86502 -2.52349
494 -2.13836 -8.58872
495 -6.30845 -5.18561
496 -4.0091 -4.45195
497 -5.41435 -2.99525
498 -4.65468 -3.70024
499 -2.90886 -6.30763
500 -4.05904 -4.82817
501 -5.41976 -6.09641
502 -6.14775 -3.35015
503 -5.41324 -4.48366
504 -4.1653 -6.13989
505 -4.28648 -5.60391
506 -5.21178 -5.61181
507 -4.39368 -5.44581
508 -5.48256 -4.31186
509 -4.58304 -6.71679
510 -2.93783 -6.29537
511 -5.55431 -1.78783
512 -5.9999 -5.925
513 -4.08433 -6.49385
514 -6.16661 -2.47817
515 -6.40786 -5.13267
516 -4.66957 -6.49697
517 -5.57944 -7.79521
518 -6.9756 -4.51035
519 -2.92824 -5.68655
520 -2.16202 -6.90639
521 -5.65775 -6.22518
522 -5.8983 -2.68323
523 -4.79679 -5.83462
524 -5.40303 -4.26487
525 -7.31399 -3.85309
526 -4.02396 -5.28605
527 -6.62279 -5.75066
528 -3.51572 -5.77836
529 -4.41003 -5.12727
530 -4.75164 -6.26134
531 -3.31827 -7.69012
532 -3.63947 -7.69256
533 -4.25482 -7.74391
534 -5.20679 -4.94929
535 -4.94482 -4.51955
536 -4.7108 -5.24261
537 -3.75517 -5.09497
538 -5.13857 -6.64919
539 -3.16458 -7.28937
540 -2.85521 -6.83759
541 -0.127573 -8.5
542 -3.52975 -6.64233
543 -4.94108 -10.0672
544 -2.64156 -4.2582
545 -4.17951 -3.98496
546 -4.66602 -5.32018
547 -1.17444 -6.96006
548 -5.36631 -3.53378
549 -4.94216 -7.95627
550 -3.64347 -6.08842
551 -6.19045 -3.1044
552 -3.58384 -6.07723
553 -4.85955 -6.06729
554 -2.48961 -7.00468
555 -6.81408 -5.13057
556 -3.13867 -7.8613
557 -4.69277 -5.42915
558 -6.20578 -3.62533
559 -6.37811 -2.09247
560 -5.33437 -1.69083
561 -3.98575 -5.48729
562 -4.48732 -5.6707
563 -3.59143 -6.37601
564 -3.38409 -3.82278
565 -4.98135 -6.1423
566 -3.8868 -6.35678
567 -2.95033 -5.97536
568 -2.89049 -7.92718
569 -6.21801 -4.16886
570 -5.70161 -3.61538
571 -6.06624 -9.75964
572 -4.377 -4.92001
573 -6.41571 -4.81592
574 -7.33187 -2.9259
575 -2.94991 -7.18635
576 -3.12072 -3.44202
577 -3.49679 -7.46212
578 -5.82462 -4.93409
579 -3.57439 -7.55532
580 -5.19527 -2.89471
581 -3.11869 -7.16103
582 -5.98004 -2.24148
583 -3.44948 -5.00786
584 -4.85746 -2.76875
585 -4.11807 -4.8014
586 -6.33943 -4.21341
587 -5.09544 -2.9938
588 -6.79946 -5.30928
589 -3.30761 -4.16497
590 -6.31573 -4.32461
591 -3.95886 -1.79929
592 -3.27413 -7.05493
593 -5.35769 -6.59013
594 -2.59985 -6.03017
595 -2.7717 -5.4949
596 -8.05214 -2.96166
597 -4.42214 -6.27587
598 -5.23516 -6.90308
599 -6.19428 -1.66762
600 -17.6696 -0.7602
601 -15.8546 -2.63771
602 -17.0283 -0.430863
603 -16.5098 1.00802
604 -19.1435 0.366238
605 -17.376 -0.106018
606 -16.9246 1.5484
607 -16.7018 1.07959
608 -16.0172 -1.84279
609 -14.3979 2.19737
610 -14.9332 -1.98237
611 -17.0126 -1.54055
612 -16.7559 -2.27949
613 -16.3128 -0.502874
614 -17.3652 -0.654811
615 -16.2939 1.24125
616 -16.7396 2.31681
617 -17.7121 1.09508
618 -16.7785 1.93395
619 -18.1458 -0.437075
620 -16.4452 -3.11007
621 -17.0573 -0.760554
622 -16.685 2.86056
623 -16.677 -0.507663
624 -15.9696 -1.68094
625 -17.6963 -3.71096
626 -16.0859 1.74044
627 -18.4842 -3.19223
628 -18.4196 -0.22046
629 -14.9905 -0.761849
630 -17.5413 0.623981
631 -15.7949 -0.489707
632 -15.6229 1.77807
633 -16.9113 0.621126
634 -16.63 1.39702
635 -15.9321 -0.903278
636 -17.7307 -0.787756
637 -16.846 -2.69493
638 -17.0172 -0.305327
639 -18.1301 -0.663161
640 -18.0852 -0.844139
641 -17.5207 2.1447
642 -17.1274 -0.234993
643 -15.1445 -0.324335
644 -17.9803 1.45681
645 -17.97 -0.977451
646 -18.9533 -2.0381
647 -16.8735 -0.407602
648 -18.3828 1.01529
649 -16.5616 -6.19938
650 -16.3839 -1.46839
651 -18.5711 -1.3668
652 -15.8055 1.36934
653 -17.5826 0.469128
654 -16.0999 0.634254
655 -15.9962 -0.741671
656 -16.5684 -1.8932
657 -18.2493 1.30319
658 -16.5226 -1.19778
659 -16.6992 -1.16293
660 -17.7599 1.87774
661 -18.3464 0.559345
662 -16.9662 -3.80746
663 -16.0177 1.32701
664 -17.2471 2.81155
665 -16.8867 0.943807
666 -19.3532 -4.30009
667 -17.8265 0.632927
668 -14.7461 -4.33769
669 -15.9218 -2.54698
670 -18.1572 -0.841023
671 -17.8819 -1.05471
672 -16.0393 3.61107
673 -17.2876 -1.50536
674 -16.8566 0.128502
675 -18.0679 -4.77971
676 -18.1403 2.61224
677 -17.7835 -1.31045
678 -17.0154 -0.0028503
679 -16.7969 0.317312
680 -18.3519 -3.47728
681 -17.8818 -0.0667301
682 -16.296 -2.13315
683 -16.5991 -3.3273
684 -19.2095 -1.55366
685 -14.4506 -2.08331
686 -15.2014 0.064361
687 -17.8093 -1.05306
688 -17.2479 -0.525439
689 -18.6493 -1.52691
690 -16.0342 -0.83845
691 -17.2688 -0.952593
692 -17.2085 -1.49328
693 -17.2742 -3.65958
694 -17.3409 3.45874
695 -15.5219 -1.60703
696 -17.8704 -1.05038
697 -17.4172 -3.02302
698 -17.7047 -2.0273
699 -17.8566 1.10691
700 -17.6337 -0.753744
701 -15.8139 -0.368454
702 -16.6058 -3.09697
703 -16.6509 -1.74703
704 -16.8664 0.315476
705 -17.0389 -0.206261
706 -16.242 -0.676486
707 -17.0285 -0.397004
708 -16.68 -1.92999
709 -16.2111 0.594477
710 -17.8381 1.08147
711 -17.9197 -4.12979
712 -15.4052 -0.814395
713 -16.7534 0.660525
714 -17.0392 -3.85389
715 -15.464 -1.70364
716 -16.2503 0.361503
717 -14.8014 1.00492
718 -15.2984 -2.52957
719 -18.1602 0.564719
720 -18.1879 2.00498
721 -15.5436 -0.380793
722 -17.1634 -3.53986
723 -16.4827 -0.271632
724 -16.7724 -1.92925
725 -15.3472 -3.26721
726 -17.4277 -0.343303
727 -14.9613 -1.28488
728 -17.6094 0.340554
729 -17.1787 -0.678378
730 -16.3014 0.11729
731 -16.7931 2.0805
732 -16.5166 1.91701
733 -15.9629 1.6438
734 -16.5878 -1.24162
735 -17.0338 -1.47481
736 -16.8616 -0.734595
737 -17.7565 -0.368478
738 -15.7699 0.250172
739 -17.1314 1.81633
740 -17.6294 1.58869
741 -19.1097 4.41928
742 -17.152 1.07365
743 -14.1772 3.2808
744 -19.1421 -0.51143
745 -17.9651 -1.53839
746 -16.8599 -0.645039
747 -19.0065 2.56007
748 -17.1808 -2.53679
749 -15.2644 1.47144
750 -17.3401 0.54038
751 -16.6959 -3.32956
752 -17.397 0.561533
753 -16.309 -0.104619
754 -17.8565 1.92034
755 -15.117 -1.91484
756 -16.8588 2.31976
757 -16.7808 -0.565455
758 -16.4142 -2.89109
759 -17.0568 -4.29342
760 -18.1582 -4.09953
761 -17.3567 -0.151165
762 -16.8324 -0.252566
763 -17.2365 0.813642
764 -18.7303 -1.26731
765 -16.1659 -0.103132
766 -16.9933 0.644894
767 -17.9923 0.800814
768 -17.0375 2.50415
769 -16.1236 -2.43164
770 -16.8514 -2.63971
771 -13.3716 2.43727
772 -17.3139 -0.83895
773 -15.6206 -1.97911
774 -15.8099 -4.07092
775 -17.3684 1.83871
776 -19.1523 -1.45781
777 -16.7577 1.7931
778 -16.0662 -1.57314
779 -16.6431 1.83297
780 -17.6568 -2.99622
781 -17.2369 1.73001
782 -17.321 -3.96053
783 -18.0634 -0.285544
784 -18.0112 -2.93002
785 -17.5969 -0.807108
786 -15.9966 -2.45607
787 -17.6912 -2.85986
788 -15.0374 -1.75418
789 -18.6195 -0.934666
790 -15.9595 -2.34856
791 -19.2809 -3.29751
792 -17.1584 1.55897
793 -15.6126 0.0866064
794 -18.2644 1.02845
795 -18.3931 0.481199
796 -15.1742 -4.41159
797 -16.5763 0.299594
798 -15.5563 0.417932
799 -17.4333 -4.5627
800 5.29239 6.16446
801 5.73032 3.59002
802 6.00767 6.07415
803 7.24802 6.96897
804 4.71196 7.92638
805 5.90408 6.53861
806 7.21083 7.64915
807 7.12997 7.13645
808 6.04494 4.33792
809 9.6626 6.75811
810 6.86078 3.61066
811 5.39401 5.14945
812 5.18867 4.39461
813 6.55751 5.61073
814 5.60316 6.07955
815 7.55792 7.03954
816 7.79743 8.17887
817 6.30491 7.71967
818 7.54909 7.88488
819 5.0818 6.70004
820 4.97609 3.53369
821 5.79754 5.81844
822 8.14945 8.59686
823 6.25421 5.81243
824 6.17559 4.44464
825 3.60423 3.74417
826 8.01144 7.33411
827 3.24684 4.61719
828 4.97818 7.03339
829 7.50264 4.65036
830 6.17987 7.23442
831 6.99241 5.32916
832 8.41488 7.1037
833 6.69821 6.87635
834 7.36851 7.35786
835 6.64566 5.06529
836 5.22646 6.17619
837 4.87969 4.10263
838 6.08772 6.17149
839 4.96713 6.50456
840 4.90199 6.32985
841 7.05556 8.47787
842 6.0365 6.29175
843 7.62254 5.09843
844 6.28782 8.16965
845 4.92179 6.15478
846 3.51133 5.83461
847 6.14853 6.00597
848 5.70631 8.03253
849 3.13569 1.04968
850 5.95366 4.854
851 4.20585 6.17283
852 8.03334 6.86948
853 6.05832 7.12995
854 7.37529 6.42904
855 6.684 5.23487
856 5.56154 4.60756
857 5.97907 8.19474
858 5.99197 5.15567
859 5.86593 5.28413
860 6.70738 8.39262
861 5.47891 7.63566
862 4.1523 3.25229
863 7.83435 6.95433
864 7.65785 8.8738
865 6.90076 7.12874
866 1.9041 4.19348
867 5.94957 7.40282
868 5.68531 1.56107
869 5.72608 3.70285
870 4.84433 6.37307
871 4.9509 6.04126
872 9.10618 8.85166
873 5.18691 5.33377
874 6.46521 6.43887
875 2.69407 3.07192
876 6.80817 9.2136
877 4.88772 5.77462
878 6.25999 6.42012
879 6.62109 6.561
880 3.19513 4.30718
881 5.50885 6.85661
882 5.6509 4.25569
883 4.72643 3.44129
884 3.57348 6.37905
885 7.20208 3.25485
886 7.79509 5.45134
887 5.01176 6.00162
888 5.77303 6.12008
889 4.05095 6.08482
890 6.59799 5.17645
891 5.51456 5.77936
892 5.25904 5.29905
893 3.98162 3.54824
894 7.94587 9.46091
895 6.58681 4.25287
896 4.96282 6.03835
897 4.22304 4.15435
898 4.54795 5.1385
899 6.19233 7.81103
900 5.3257 6.1495
901 7.04516 5.43998
902 4.85096 3.63517
903 5.57599 4.77477
904 6.56266 6.59874
905 6.12573 6.26551
906 6.51797 5.42743
907 6.02658 6.10224
908 5.44862 4.64024
909 7.26108 6.45897
910 6.19324 7.77958
911 3.18338 3.52463
912 7.13073 4.84113
913 6.85082 6.81967
914 4.06591 3.25514
915 6.58004 4.14044
916 7.09721 6.28881
917 8.65634 6.00173
918 6.25043 3.36522
919 5.63564 7.53494
920 6.42598 8.7393
921 7.2613 5.27716
922 4.14072 3.58445
923 6.54788 5.8975
924 5.37279 4.693
925 5.7936 2.784
926 5.72745 6.37195
927 7.23142 4.20218
928 5.96361 7.03896
929 5.74374 5.95482
930 6.9171 6.11613
931 7.6198 8.01407
932 7.75568 7.72302
933 8.05845 7.18485
934 5.91347 5.15626
935 5.41369 5.21563
936 5.97378 5.72932
937 5.44185 6.53684
938 7.43079 5.9257
939 7.19143 7.98705
940 6.65189 8.08036
941 7.02842 11.2524
942 6.75505 7.38574
943 10.4566 7.52765
944 4.21755 7.20122
945 4.6091 5.68905
946 6.02568 5.80233
947 6.0638 9.65964
948 4.69274 4.42215
949 8.53759 6.64823
950 6.29871 7.05183
951 4.64526 3.49408
952 6.26372 7.10139
953 6.78556 5.93725
954 6.65169 8.48233
955 6.74718 3.7702
956 7.70071 8.24861
957 6.1359 5.82335
958 5.12532 3.69691
959 3.80321 2.90232
960 3.00365 3.68425
961 5.89454 6.49044
962 6.27004 6.11068
963 6.53855 7.21883
964 4.13063 6.34484
965 6.90445 5.85772
966 6.64398 6.94224
967 5.90745 7.63504
968 7.65733 8.50171
969 5.62464 3.91199
970 4.90647 4.15121
971 10.6452 6.37658
972 5.54153 5.8986
973 6.29528 4.00149
974 4.95795 2.3819
975 7.00843 8.13938
976 3.6748 6.42587
977 7.48677 7.75686
978 6.15675 4.58814
979 7.60381 7.72509
980 4.04045 4.31173
981 7.05564 7.97537
982 3.77305 3.3263
983 5.23543 6.77854
984 3.78533 4.56648
985 5.32593 6.08468
986 5.71568 3.82012
987 4.08901 4.44374
988 6.90359 3.85785
989 4.40995 6.55679
990 5.80693 3.88795
991 2.52986 4.98013
992 7.02385 7.78988
993 7.46827 5.70188
994 5.81144 7.97654
995 5.39624 7.59753
996 5.2902 1.74184
997 6.79319 6.42179
998 7.70185 5.94353
999 3.34039 2.89268
1000 5.54167 2.05861
1001 3.01849 2.73175
1002 5.16188 1.44579
1003 5.45937 -0.0544307
1004 7.38532 1.85318
1005 5.62732 1.3467
1006 6.09333 -0.303667
1007 5.66079 -0.0167839
1008 3.56763 2.13443
1009 4.26282 -2.16225
1010 2.56682 1.69524
1011 4.57643 2.38861
1012 3.97551 2.88945
1013 4.51168 1.13868
1014 5.33513 1.81137
1015 5.39459 -0.365584
1016 6.3309 -1.0575
1017 6.53446 0.490735
1018 6.16691 -0.709344
1019 6.1163 2.02722
1020 3.28114 3.44102
1021 5.01682 1.74328
1022 6.56448 -1.55153
1023 4.8213 1.33053
1024 3.61029 1.97122
1025 4.04342 4.60085
1026 5.4737 -0.900559
1027 4.98598 4.56253
1028 6.46254 1.98272
1029 3.24511 0.678935
1030 6.14525 0.806371
1031 4.07467 0.860402
1032 5.0963 -1.17152
1033 5.60396 0.484062
1034 5.76285 -0.325824
1035 3.97903 1.28551
1036 5.57976 2.11369
1037 3.83859 3.29191
1038 5.21708 1.3325
1039 5.98627 2.21284
1040 5.85452 2.34478
1041 6.9115 -0.507351
1042 5.34775 1.32903
1043 3.60264 0.383443
1044 6.95073 0.319018
1045 5.68708 2.39963
1046 5.98291 3.81539
1047 5.04127 1.34609
1048 7.06804 0.904852
1049 1.78831 6.1482
1050 4.07489 2.00267
1051 6.00144 3.04312
1052 5.0421 -0.727118
1053 6.10084 0.960371
1054 4.91545 0.0545376
1055 4.11727 1.18008
1056 4.01397 2.46178
1057 7.10204 0.589327
1058 4.33324 1.84229
1059 4.50251 1.90345
1060 6.97888 -0.15527
1061 6.8018 1.27678
1062 3.36808 4.30718
1063 5.20207 -0.581486
1064 7.02089 -1.21977
1065 5.74917 0.194846
1066 5.15949 5.9598
1067 6.39422 0.945707
1068 1.1923 3.61702
1069 3.12285 2.68865
1070 5.91781 2.37922
1071 5.57174 2.4204
1072 6.39803 -2.52752
1073 4.83021 2.50022
1074 5.30312 0.877977
1075 3.81091 5.70821
1076 7.68346 -0.588571
1077 5.35559 2.58881
1078 5.37147 1.07239
1079 5.3493 0.685415
1080 4.72561 4.73854
1081 6.08095 1.57376
1082 3.65683 2.52695
1083 3.30101 3.70648
1084 6.45211 3.53231
1085 2.10125 1.53296
1086 3.85174 0.0796844
1087 5.51037 2.38156
1088 5.3013 1.64004
1089 5.98587 3.2206
1090 4.09994 1.2826
1091 5.09904 2.01686
1092 4.76863 2.44907
1093 3.70822 4.33923
1094 7.43488 -1.726
1095 3.26479 1.67711
1096 5.56414 2.41077
1097 4.15889 3.86747
1098 4.91856 3.16248
1099 6.66438 0.555092
1100 5.51419 2.03455
1101 4.15348 0.766313
1102 3.42548 3.51257
1103 4.16 2.37906
1104 5.40794 0.722835
1105 5.28676 1.25881
1106 4.36146 1.25091
1107 5.17956 1.41692
1108 4.09068 2.55086
1109 4.9902 0.145928
1110 6.63541 0.567347
1111 4.01893 5.07489
1112 3.57334 0.937722
1113 5.48891 0.368871
1114 3.40663 4.38455
1115 3.16537 1.73005
1116 4.90367 0.365754
1117 3.9938 -0.932492
1118 2.59764 2.35237
1119 6.645 1.17618
1120 7.41122 -0.0436653
1121 3.91549 0.637539
1122 3.67494 4.17949
1123 4.77645 1.0281
1124 4.17021 2.59785
1125 2.25925 3.00963
1126 5.54928 1.57667
1127 2.95045 1.11206
1128 6.05752 1.08436
1129 5.16321 1.73545
1130 4.8216 0.60138
1131 6.25497 -0.827397
1132 5.93377 -0.829841
1133 5.31841 -0.881189
1134 4.36645 1.91343
1135 4.62842 2.34317
1136 4.86244 1.62011
1137 5.81807 1.76775
1138 4.43467 0.213531
1139 6.40866 -0.426645
1140 6.71803 0.0251293
1141 9.44567 -1.63728
1142 6.04349 0.220387
1143 4.63216 -3.20444
1144 6.93168 2.60452
1145 5.39373 2.87776
1146 4.90722 1.54254
1147 8.3988 -0.0973377
1148 4.20693 3.32894
1149 4.63108 -1.09355
1150 5.92977 0.7743
1151 3.38279 3.75832
1152 5.9894 0.785486
1153 4.71369 0.795431
1154 7.08363 -0.141964
1155 2.75916 1.73215
1156 6.43457 -0.998577
1157 4.88047 1.43357
1158 3.36745 3.23739
1159 3.19513 4.77025
1160 4.23887 5.17189
1161 5.58749 1.37543
1162 5.08592 1.19202
1163 5.98181 0.486711
1164 6.18914 3.03994
1165 4.59189 0.720423
1166 5.68644 0.505944
1167 6.62291 0.88736
1168 6.68275 -1.06446
1169 3.35523 2.69386
1170 3.87162 3.24734
1171 3.507 -2.89692
1172 5.19624 1.94271
1173 3.15753 2.0468
1174 2.24137 3.93682
1175 6.62333 -0.323629
1176 6.45252 3.4207
1177 6.07645 -0.599402
1178 3.74862 1.92864
1179 5.99885 -0.692602
1180 4.37797 3.96801
1181 6.45455 -0.29831
1182 3.5932 4.62124
1183 6.12375 1.85487
1184 4.71578 4.09397
1185 5.45517 2.06132
1186 3.23381 2.64931
1187 4.4778 3.86892
1188 2.77377 1.55344
1189 6.26563 2.69775
1190 3.25751 2.53811
1191 5.61438 5.06343
1192 6.29911 -0.192209
1193 4.21555 0.272594
1194 6.97339 0.832555
1195 6.80154 1.36782
1196 1.52109 3.90107
1197 5.15109 0.586853
1198 4.33808 -0.0403545
1199 3.37896 5.1951
