0 -0.243932 0.68429
1 -2.17364 -1.07519
2 0.066539 0.0336061
3 1.48967 -0.526637
4 0.925064 2.12468
5 0.401399 0.371721
6 2.04193 -0.127842
7 1.56682 -0.336813
8 -1.37431 -0.935842
9 2.61684 -2.67237
10 -1.54548 -2.01529
11 -1.04313 0.0503679
12 -1.78925 -0.18468
13 -0.026333 -0.679454
14 -0.147477 0.376912
15 1.71649 -0.749272
16 2.80461 -0.335232
17 1.6118 0.672569
18 2.42305 -0.285115
19 0.092961 1.15087
20 -2.62855 -0.470959
21 -0.262164 0.0722706
22 3.34653 -0.405608
23 -0.0204852 -0.315257
24 -1.21392 -0.988121
25 -3.19265 0.797139
26 2.2094 -0.971749
27 -2.65114 1.56957
28 0.317478 1.41817
29 -0.323809 -1.99364
30 1.13591 0.515601
31 -0.0282945 -1.19754
32 2.23349 -1.43572
33 1.11466 -0.114027
34 1.88201 -0.417904
35 -0.437683 -1.04833
36 -0.269693 0.746108
37 -2.20189 -0.0824446
38 0.191697 0.0188441
39 -0.133488 1.14174
40 -0.315699 1.10216
41 2.65538 0.450572
42 0.265218 0.126917
43 0.118017 -1.85244
44 1.98121 0.930069
45 -0.452318 0.990905
46 -1.48381 2.00478
47 0.0852712 -0.121761
48 1.55163 1.34531
49 -5.71315 -0.264432
50 -0.98936 -0.580189
51 -0.823947 1.6031
52 1.83026 -1.24121
53 0.982333 0.561441
54 1.10409 -0.925458
55 -0.274273 -0.988967
56 -1.4086 -0.383384
57 1.8355 1.20344
58 -0.714816 -0.449441
59 -0.674823 -0.273967
60 2.39552 0.697497
61 1.09481 1.32223
62 -3.31043 0.0701917
63 1.79415 -1.02792
64 3.31396 0.157694
65 1.43649 -0.148101
66 -3.73316 2.47052
67 1.15318 0.800382
68 -3.90526 -2.13356
69 -2.08099 -1.01066
70 -0.310482 1.17403
71 -0.532115 0.905076
72 4.07787 -1.073
73 -0.99993 0.324226
74 0.620652 -0.15434
75 -4.2501 1.19979
76 3.14081 1.05627
77 -0.790619 0.814178
78 0.493992 0.00821708
79 0.807639 -0.219523
80 -2.93993 1.44558
81 0.455438 0.876115
82 -1.6564 -0.648699
83 -2.8412 -0.310809
84 -0.992092 2.24665
85 -1.66047 -2.49473
86 0.508207 -1.80695
87 -0.532586 0.832446
88 -0.0215853 0.255869
89 -0.981707 1.6859
90 -0.369902 -0.94816
91 -0.447945 0.289277
92 -0.990166 0.24477
93 -3.15362 0.373718
94 3.96361 0.232541
95 -1.15311 -1.43776
96 -0.528122 0.893471
97 -2.51315 0.498055
98 -1.50947 0.75639
99 1.62784 0.816666
100 -0.238527 0.648174
101 0.0934624 -1.18206
102 -2.61077 -0.310841
103 -1.26009 -0.305204
104 0.807834 -0.14996
105 0.291354 0.0376555
106 -0.201941 -0.745222
107 0.100391 0.0328764
108 -1.44211 -0.270716
109 1.06758 -0.81318
110 1.60188 0.798906
111 -3.60478 1.03265
112 -0.364225 -1.57762
113 1.14943 -0.273073
114 -3.35471 0.144427
115 -1.25137 -1.49281
116 0.835848 -0.767222
117 1.43668 -2.2343
118 -2.08179 -1.63431
119 1.09475 1.13593
120 2.5352 1.1216
121 0.0732357 -1.4519
122 -3.03719 0.259407
123 0.20977 -0.516407
124 -1.43868 -0.178398
125 -2.81768 -1.56393
126 0.165724 0.430305
127 -0.847474 -2.00757
128 0.854596 0.591976
129 -0.176478 0.191229
130 0.593233 -0.708972
131 2.56996 -0.274806
132 2.39847 -0.546401
133 2.1092 -1.09195
134 -0.756737 -0.383067
135 -0.976806 0.0695641
136 -0.241933 -0.124187
137 0.150161 0.759725
138 0.71054 -1.24412
139 2.31578 0.0710525
140 2.10278 0.575471
141 4.97539 1.97249
142 1.57402 0.113362
143 3.69336 -2.92467
144 0.0477294 2.1489
145 -1.01316 1.00239
146 -0.152462 -0.128412
147 3.11395 1.92362
148 -2.03403 0.247507
149 1.91653 -1.78507
150 1.04647 0.316951
151 -2.84063 -0.213984
152 1.06928 0.37317
153 0.37164 -0.694931
154 2.44092 0.792834
155 -1.47261 -1.8335
156 2.81104 -0.216166
157 -0.0752216 -0.2098
158 -2.41057 -0.508348
159 -3.79354 0.174853
160 -3.56757 1.27013
161 0.355707 0.353728
162 0.239039 -0.167429
163 1.31659 0.20536
164 -0.719853 1.75934
165 0.36895 -0.837946
166 1.14081 -0.0327991
167 1.32584 0.961293
168 3.00057 -0.0429193
169 -1.95981 -0.812306
170 -2.14654 -0.0787302
171 2.82667 -3.70531
172 -0.333035 0.331002
173 -1.52215 -1.32827
174 -3.60755 -1.07801
175 2.34508 0.307346
176 -0.89795 2.18669
177 2.28165 -0.301838
178 -1.10335 -0.894732
179 2.31815 -0.417488
180 -2.47938 0.736724
181 2.23258 0.179003
182 -3.45307 0.429306
183 0.24202 1.06402
184 -2.40285 1.08904
185 -0.292943 0.612966
186 -1.98793 -0.938547
187 -2.34207 0.767191
188 -1.31434 -1.91776
189 -0.390588 1.63881
190 -1.88155 -0.978687
191 -2.73311 2.36899
192 2.05932 0.105537
193 0.54245 -1.39658
194 1.56132 1.2266
195 1.01806 1.3712
196 -3.96663 -1.70342
197 0.783485 -0.439559
198 0.87199 -1.46257
199 -4.05171 0.559088
200 0.93226 1.50773
201 -0.842987 1.08254
202 -1.00558 -0.477283
203 3.89522 0.175088
204 -1.63426 0.207691
205 -1.11368 0.876221
206 1.29588 -1.37773
207 3.56829 -0.303993
208 -1.83941 0.561505
209 -1.63696 -0.0280466
210 1.3391 0.0837821
211 -1.33965 0.525126
212 0.0109209 -1.03941
213 -2.18541 0.0137797
214 -2.11328 0.969769
215 3.15063 0.411818
216 -0.561951 0.604396
217 -1.59426 1.63625
218 -0.609761 0.748814
219 -0.631792 0.331972
220 2.57513 -0.672981
221 -2.03999 0.902279
222 -1.35317 -0.356796
223 1.00931 1.47533
224 -0.287681 -0.62517
225 0.528458 0.639803
226 1.31738 -1.54861
227 -0.366976 1.25646
228 1.16253 -1.17711
229 -1.20629 1.54792
230 1.23519 1.14513
231 -0.502904 -0.368004
232 1.84345 0.347787
233 -3.79349 0.377254
234 -3.88089 0.174357
235 -1.66267 0.298783
236 1.08014 -0.760973
237 2.66443 -0.377137
238 -0.53295 0.753642
239 3.24968 -1.08705
240 -0.780527 -0.584289
241 -1.02773 0.129871
242 0.997346 -0.289191
243 -2.91042 -1.50862
244 0.0471941 0.3113
245 1.51384 1.02236
246 2.98224 -1.01442
247 2.56121 0.161331
248 0.262308 -0.297845
249 -2.23074 0.837997
