0.444013		0.574985
-2.07916		1.24812
0.0642297		-0.0378331
0.361723		-1.53806
2.28767		0.369553
0.529669		-0.136924
0.995682		-1.78729
0.563136		-1.50041
-1.53003		0.650804
-0.834833		-3.64588
-2.53083		0.211611
-0.521223		0.904979
-1.12214		1.40582
-0.585969		-0.344952
0.237479		0.327744
0.296934		-1.84921
1.23325		-2.54113
1.43681		-0.992893
1.06926		-2.19297
1.01865		0.543593
-1.81651		1.95739
-0.0808341		0.259651
1.46683		-3.03516
-0.276348		-0.153096
-1.48736		0.487594
-1.05423		3.11722
0.376047		-2.38419
-0.111668		3.0789
1.36489		0.499094
-1.85254		-0.804693
1.0476		-0.677257
-1.02299		-0.623226
-0.00135678		-2.65514
0.506305		-0.999566
0.6652		-1.80945
-1.11862		-0.198116
0.482112		0.630062
-1.25906		1.80828
0.119431		-0.151126
0.888619		0.729212
0.756864		0.861152
1.81385		-1.99098
0.250094		-0.154599
-1.49501		-1.10018
1.85308		-1.16461
0.58943		0.916
0.88526		2.33177
-0.0563863		-0.137541
1.97039		-0.578775
-3.30934		4.66457
-1.02277		0.51904
0.903784		1.55949
-0.0555502		-2.21075
1.00319		-0.523257
-0.182202		-1.42909
-0.980377		-0.303548
-1.08368		0.978155
2.00438		-0.894301
-0.764408		0.358663
-0.595144		0.419819
1.88123		-1.6389
1.70415		-0.206848
-1.72957		2.82356
0.104414		-2.06511
1.92323		-2.7034
0.651515		-1.28878
0.0618338		4.47617
1.29656		-0.53792
-3.90535		2.13339
-1.9748		1.20502
0.82016		0.895594
0.474092		0.936774
1.30038		-4.01115
-0.267437		1.01659
0.205468		-0.605651
9.81546		-2.92706
8.49191		-5.17822
10.3044		-3.45693
11.8295		-3.57159
10.5066		-1.20555
10.5243		-3.03496
12.2392		-3.0274
11.8471		-3.36745
9.21435		-4.80888
13.5404		-5.28838
9.36983		-5.8907
9.2393		-3.76885
8.59596		-4.21389
10.4264		-4.16559
9.99845		-3.19221
12.112		-3.71725
13.0291		-3.00014
11.5918		-2.38985
12.6498		-3.06502
9.99943		-2.38176
7.87875		-4.73542
9.97891		-3.51713
13.5677		-2.90723
10.3243		-3.81593
9.38303		-4.81143
6.96509		-3.69066
12.6486		-3.78413
7.25415		-2.7927
10.1349		-2.06005
10.5305		-5.50899
11.1835		-2.68044
10.5776		-4.66112
12.8087		-4.22026
11.3493		-3.28823
12.1722		-3.35177
10.1424		-4.63955
9.77259		-2.87562
8.17154		-4.23817
10.4283		-3.43405
9.78579		-2.4574
9.62341		-2.54906
12.6543		-2.29354
10.4666		-3.30908
10.9109		-5.24353
11.8686		-2.03469
9.52577		-2.69572
8.24074		-2.03196
10.3682		-3.59982
11.3355		-1.76494
4.87089		-5.44967
9.47701		-4.35535
8.98983		-2.22069
12.366		-4.1536
11.0233		-2.68204
11.579		-4.06654
10.281		-4.53455
9.01833		-4.29123
11.6486		-1.81658
9.70065		-4.14931
9.687		-3.96986
12.3331		-2.13443
10.9059		-1.92199
7.0674		-4.41994
12.2685		-3.96051
13.3701		-2.37871
11.6668		-3.22568
5.95421		-2.25175
11.1159		-2.40328
7.1504		-6.70105
8.56135		-5.0892
9.60716		-2.47886
9.47491		-2.8013
14.4636		-3.32869
9.19964		-3.49446
10.8893		-3.47273
30.5745		20.2325
32.9775		19.21
31.037		20.7856
30.9542		22.3128
28.7783		20.6961
30.5902		20.9494
30.3618		22.649
30.7495		22.3039
32.5181		19.8789
32.4362		24.2307
33.5709		20.1724
31.4835		19.7696
32.0078		19.189
31.724		20.9979
30.8139		20.4481
31.0622		22.6117
30.2329		23.4288
29.8129		21.9248
30.3462		23.061
30.0101		20.3447
32.6174		18.5449
31.1386		20.4706
30.0714		23.9509
31.3904		20.8516
32.4989		20.0465
31.699		17.5043
31.0594		23.1525
30.7713		17.6752
29.6736		20.4376
33.0428		21.2743
30.1537		21.5574
32.1959		21.2117
31.4713		23.3675
30.7351		21.8001
30.6921		22.6243
32.2306		20.7774
30.529		20.1834
32.0865		18.7712
30.9983		20.9056
30.1126		20.1426
30.2244		19.9934
29.5805		22.9661
30.8695		20.9274
32.7306		21.6173
29.4251		22.1535
30.3824		19.9154
29.8898		18.5556
31.1705		20.8673
29.2263		21.5901
33.7132		15.6542
32.0345		20.0809
29.9804		19.3227
31.4622		22.9199
30.1759		21.3987
31.4773		22.1282
32.1086		20.9012
32.03		19.6178
29.2371		21.9073
31.8014		20.2761
31.6252		20.2395
29.4641		22.6271
29.4373		21.1844
32.409		17.6997
31.2833		22.7983
29.5728		23.6868
30.6321		22.1069
30.4024		16.3164
29.8876		21.4546
34.6604		18.0759
32.8802		19.2674
30.1569		19.9682
30.4937		19.8786
30.3739		24.8936
31.2165		19.6949
30.9773		21.3677
1.8421		3.82884
4.24503		2.80637
2.30456		4.38193
2.22176		5.90913
0.0458848		4.29239
1.85776		4.54571
1.62932		6.24533
2.01705		5.90028
3.78568		3.4752
3.7038		7.827
4.83845		3.76877
2.75111		3.36594
3.27533		2.78531
2.99159		4.59422
2.08146		4.04446
2.32981		6.20802
1.5005		7.02515
1.0805		5.52113
1.61372		6.65733
1.27764		3.94101
3.88492		2.14127
2.40619		4.06695
1.33898		7.5472
2.658		4.44798
3.76648		3.6428
2.96659		1.10061
2.32698		6.74881
2.03887		1.27157
0.941152		4.03393
4.31037		4.87062
1.42127		5.15373
3.46351		4.80804
2.73885		6.96379
2.00263		5.39642
1.95962		6.22063
3.49819		4.37369
1.79661		3.77969
3.35409		2.36755
2.2659		4.50188
1.38018		3.7389
1.492		3.58969
0.84808		6.56244
2.13704		4.52376
3.99811		5.21361
0.692629		5.74987
1.65001		3.51176
1.15735		2.15191
2.43804		4.46362
0.493815		5.18646
4.98077		-0.749494
3.30209		3.67723
1.248		2.91907
2.72979		6.5162
1.4435		4.995
2.74486		5.72449
3.37621		4.49757
3.29761		3.21412
0.504689		5.50362
3.06895		3.87247
2.89275		3.83581
0.731692		6.22339
0.704906		4.78068
3.67661		1.29604
2.55087		6.39459
0.840326		7.28316
1.89969		5.70324
1.66992		-0.0872345
1.15513		5.05092
5.92801		1.67225
4.1478		2.86376
1.42447		3.56452
1.76127		3.47492
1.6415		8.48993
2.48411		3.29125
2.24487		4.964
-27.537		0.970508
-27.0991		-1.60393
-26.8217		0.880194
-25.5814		1.77502
-28.1175		2.73243
-26.9253		1.34465
-25.6186		2.45519
-25.6994		1.9425
-26.7845		-0.856033
-23.1668		1.56416
-25.9686		-1.58329
-27.4354		-0.0445047
-27.6408		-0.799339
-26.2719		0.416777
-27.2263		0.885595
-25.2715		1.84559
-25.032		2.98492
-26.5245		2.52572
-25.2803		2.69092
-27.7476		1.50609
-27.8533		-1.66026
-27.0319		0.624491
-24.68		3.40291
-26.5752		0.618474
-26.6538		-0.749316
-29.2252		-1.44978
-24.818		2.14016
-29.5826		-0.576768
-27.8512		1.83944
-25.3268		-0.543598
-26.6495		2.04046
-25.837		0.135202
-24.4145		1.90974
-26.1312		1.68239
-25.4609		2.16391
-26.1838		-0.128665
-27.603		0.982231
-27.9497		-1.09132
-26.7417		0.977535
-27.8623		1.31061
-27.9274		1.13589
-25.7739		3.28391
-26.7929		1.09779
-25.2069		-0.0955221
-26.5416		2.97569
-27.9076		0.960822
-29.3181		0.640654
-26.6809		0.812012
-27.1231		2.83857
-29.6937		-4.14427
-26.8758		-0.339949
-28.6236		0.978879
-24.7961		1.67553
-26.7711		1.936
-25.4541		1.23508
-26.1454		0.0409123
-27.2679		-0.586395
-26.8504		3.00079
-26.8374		-0.0382843
-26.9635		0.0901768
-26.122		3.19866
-27.3505		2.4417
-28.6771		-1.94166
-24.9951		1.76038
-25.1716		3.67985
-25.9287		1.93479
-30.9253		-1.00047
-26.8799		2.20886
-27.1441		-3.63288
-27.1033		-1.49111
-27.9851		1.17912
-27.8785		0.847301
-23.7232		3.65771
-27.6425		0.139815
-26.3642		1.24492
-2.24393		15.6843
-4.17364		13.9248
-1.93346		15.0336
-0.510329		14.4734
-1.07494		17.1247
-1.5986		15.3717
0.0419255		14.8722
-0.433184		14.6632
-3.37431		14.0642
0.616842		12.3276
-3.54548		12.9847
-3.04313		15.0504
-3.78925		14.8153
-2.02633		14.3205
-2.14748		15.3769
-0.283508		14.2507
0.804614		14.6648
-0.388199		15.6726
0.423046		14.7149
-1.90704		16.1509
-4.62855		14.529
-2.26216		15.0723
1.34653		14.5944
-2.02049		14.6847
-3.21392		14.0119
-5.19265		15.7971
0.209403		14.0283
-4.65114		16.5696
-1.68252		16.4182
-2.32381		13.0064
-0.864088		15.5156
-2.02829		13.8025
0.233494		13.5643
-0.885337		14.886
-0.11799		14.5821
-2.43768		13.9517
-2.26969		15.7461
-4.20189		14.9176
-1.8083		15.0188
-2.13349		16.1417
-2.3157		16.1022
0.655378		15.4506
-1.73478		15.1269
-1.88198		13.1476
-0.0187937		15.9301
-2.45232		15.9909
-3.48381		17.0048
-1.91473		14.8782
-0.448371		16.3453
-7.71315		14.7356
-2.98936		14.4198
-2.82395		16.6031
-0.169736		13.7588
-1.01767		15.5614
-0.895906		14.0745
-2.27427		14.011
-3.4086		14.6166
-0.164499		16.2034
-2.71482		14.5506
-2.67482		14.726
0.395515		15.6975
-0.905188		16.3222
-5.31043		15.0702
-0.205852		13.9721
1.31396		15.1577
-0.563513		14.8519
-5.73316		17.4705
-0.846819		15.8004
-5.90526		12.8664
-4.08099		13.9893
-2.31048		16.174
-2.53212		15.9051
2.07787		13.927
-2.99993		15.3242
-1.37935		14.8457
