ID	X		Y		Field_Belonging
0	0.878034		1.68429		0
1	-0.086818		-0.0751891		0
2	1.03327		1.03361		0
3	1.74484		0.473363		0
4	1.46253		3.12468		0
5	1.2007		1.37172		0
6	2.02096		0.872158		0
7	1.78341		0.663187		0
8	0.312845		0.0641581		0
9	2.30842		-1.67237		0
10	0.22726		-1.01529		0
11	0.478434		1.05037		0
12	0.105375		0.81532		0
13	0.986834		0.320546		0
14	0.926262		1.37691		0
15	1.85825		0.250728		0
16	2.40231		0.664768		0
17	1.8059		1.67257		0
18	2.21152		0.714885		0
19	1.04648		2.15087		0
20	-0.314275		0.529041		0
21	0.868918		1.07227		0
22	2.67327		0.594392		0
23	0.989757		0.684743		0
24	0.39304		0.0118787		0
25	-0.596327		1.79714		0
26	2.1047		0.0282512		0
27	-0.325569		2.56957		0
28	1.15874		2.41817		0
29	0.838096		-0.99364		0
30	1.56796		1.5156		0
31	0.985853		-0.197543		0
32	2.11675		-0.435722		0
33	1.55733		0.885973		0
34	1.94101		0.582096		0
35	0.781158		-0.048327		0
36	0.865154		1.74611		0
37	-0.100944		0.917555		0
38	1.09585		1.01884		0
39	0.933256		2.14174		0
40	0.84215		2.10216		0
41	2.32769		1.45057		0
42	1.13261		1.12692		0
43	1.05901		-0.852437		0
44	1.9906		1.93007		0
45	0.773841		1.99091		0
46	0.258097		3.00478		0
47	1.04264		0.878239		0
48	1.77581		2.34531		0
49	-1.85657		0.735568		0
50	0.50532		0.419811		0
51	0.588026		2.6031		0
52	1.91513		-0.241215		0
53	1.49117		1.56144		0
54	1.55205		0.0745416		0
55	0.862863		0.0110333		0
56	0.295699		0.616616		0
57	1.91775		2.20344		0
58	0.642592		0.550559		0
59	0.662588		0.726033		0
60	2.19776		1.6975		0
61	1.54741		2.32223		0
62	-0.655215		1.07019		0
63	1.89707		-0.0279239		0
64	2.65698		1.15769		0
65	1.71824		0.851899		0
66	-0.866578		3.47052		0
67	1.57659		1.80038		0
68	-0.952629		-1.13356		0
69	-0.0404925		-0.010663		0
70	0.844759		2.17403		0
71	0.733942		1.90508		0
72	3.03893		-0.0730014		0
73	0.500035		1.32423		0
74	1.31033		0.84566		0
75	-1.12505		2.19979		0
76	2.57041		2.05627		0
77	0.604691		1.81418		0
78	1.247		1.00822		0
79	1.40382		0.780477		0
80	-0.469965		2.44558		0
81	1.22772		1.87612		0
82	0.171799		0.351301		0
83	-0.420598		0.689191		0
84	0.503954		3.24665		0
85	0.169763		-1.49473		0
86	1.2541		-0.806954		0
87	0.733707		1.83245		0
88	0.989207		1.25587		0
89	0.509147		2.6859		0
90	0.815049		0.0518404		0
91	0.776027		1.28928		0
92	0.504917		1.24477		0
93	-0.576811		1.37372		0
94	2.98181		1.23254		0
95	0.423447		-0.43776		0
96	0.735939		1.89347		0
97	-0.256577		1.49806		0
98	0.245265		1.75639		0
99	1.81392		1.81667		0
100	0.880736		1.64817		0
101	1.04673		-0.182057		0
102	-0.305385		0.689159		0
103	0.369954		0.694796		0
104	1.40392		0.85004		0
105	1.14568		1.03766		0
106	0.89903		0.254778		0
107	1.0502		1.03288		0
108	0.278943		0.729284		0
109	1.53379		0.18682		0
110	1.80094		1.79891		0
111	-0.802389		2.03265		0
112	0.817888		-0.577618		0
113	1.57472		0.726927		0
114	-0.677354		1.14443		0
115	0.374313		-0.492811		0
116	1.41792		0.232778		0
117	1.71834		-1.2343		0
118	-0.0408945		-0.634306		0
119	1.54737		2.13593		0
120	2.2676		2.1216		0
121	1.03662		-0.451895		0
122	-0.518594		1.25941		0
123	1.10489		0.483593		0
124	0.280658		0.821602		0
125	-0.408842		-0.563931		0
126	1.08286		1.43031		0
127	0.576263		-1.00757		0
128	1.4273		1.59198		0
129	0.911761		1.19123		0
130	1.29662		0.291028		0
131	2.28498		0.725194		0
132	2.19924		0.453599		0
133	2.0546		-0.0919508		0
134	0.621631		0.616933		0
135	0.511597		1.06956		0
136	0.879034		0.875813		0
137	1.07508		1.75973		0
138	1.35527		-0.244115		0
139	2.15789		1.07105		0
140	2.05139		1.57547		0
141	3.4877		2.97249		0
142	1.78701		1.11336		0
143	2.84668		-1.92467		0
144	1.02386		3.1489		0
145	0.493422		2.00239		0
146	0.923769		0.871588		0
147	2.55698		2.92362		0
148	-0.0170172		1.24751		0
149	1.95826		-0.785067		0
150	1.52324		1.31695		0
151	-0.420315		0.786016		0
152	1.53464		1.37317		0
153	1.18582		0.305069		0
154	2.22046		1.79283		0
155	0.263694		-0.833495		0
156	2.40552		0.783834		0
157	0.962389		0.7902		0
158	-0.205286		0.491652		0
159	-0.896769		1.17485		0
160	-0.783784		2.27013		0
161	1.17785		1.35373		0
162	1.11952		0.832571		0
163	1.6583		1.20536		0
164	0.640073		2.75934		0
165	1.18447		0.162054		0
166	1.57041		0.967201		0
167	1.66292		1.96129		0
168	2.50029		0.957081		0
169	0.0200962		0.187694		0
170	-0.0732683		0.92127		0
171	2.41334		-2.70531		0
172	0.833482		1.331		0
173	0.238926		-0.328274		0
174	-0.803774		-0.078009		0
175	2.17254		1.30735		0
176	0.551025		3.18669		0
177	2.14083		0.698162		0
178	0.448327		0.105268		0
179	2.15908		0.582512		0
180	-0.239689		1.73672		0
181	2.11629		1.179		0
182	-0.726535		1.42931		0
183	1.12101		2.06402		0
184	-0.201427		2.08904		0
185	0.853528		1.61297		0
186	0.0060354		0.0614527		0
187	-0.171033		1.76719		0
188	0.342829		-0.917755		0
189	0.804706		2.63881		0
190	0.0592266		0.0213127		0
191	-0.366557		3.36899		0
192	2.02966		1.10554		0
193	1.27122		-0.396585		0
194	1.78066		2.2266		0
195	1.50903		2.3712		0
196	-0.983313		-0.703422		0
197	1.39174		0.560441		0
198	1.43599		-0.462567		0
199	-1.02586		1.55909		0
200	1.46613		2.50773		0
201	0.578507		2.08254		0
202	0.497208		0.522717		0
203	2.94761		1.17509		0
204	0.18287		1.20769		0
205	0.443159		1.87622		0
206	1.64794		-0.377734		0
207	2.78414		0.696007		0
208	0.0802971		1.5615		0
209	0.181521		0.971953		0
210	1.66955		1.08378		0
211	0.330175		1.52513		0
212	1.00546		-0.0394088		0
213	-0.0927064		1.01378		0
214	-0.0566408		1.96977		0
215	2.57531		1.41182		0
216	0.719024		1.6044		0
217	0.202868		2.63625		0
218	0.695119		1.74881		0
219	0.684104		1.33197		0
220	2.28757		0.327019		0
221	-0.0199965		1.90228		0
222	0.323414		0.643204		0
223	1.50466		2.47533		0
224	0.85616		0.37483		0
225	1.26423		1.6398		0
226	1.65869		-0.548612		0
227	0.816512		2.25646		0
228	1.58126		-0.177112		0
229	0.396857		2.54792		0
230	1.6176		2.14513		0
231	0.748548		0.631996		0
232	1.92172		1.34779		0
233	-0.896745		1.37725		0
234	-0.940445		1.17436		0
235	0.168667		1.29878		0
236	1.54007		0.239027		0
237	2.33221		0.622863		0
238	0.733525		1.75364		0
239	2.62484		-0.0870545		0
240	0.609737		0.415711		0
241	0.486133		1.12987		0
242	1.49867		0.710809		0
243	-0.455209		-0.508617		0
244	1.0236		1.3113		0
245	1.75692		2.02236		0
246	2.49112		-0.0144161		0
247	2.28061		1.16133		0
248	1.13115		0.702155		0
249	-0.115369		1.838		0
